# downbeat times in seconds, click pitch 36
0.000000
3.116884
6.233768
9.350652
12.467536
15.584420
18.701304
21.818188
24.935072
28.051956
31.168840
34.285724
37.402608
40.519492
43.636376
46.753260
49.870144
52.987028
56.103912
59.220796
62.337680
65.454564
68.571448
71.688332
74.805216
77.922100
81.038984
84.155868
87.272752
90.389636
93.506520
96.623404
99.740288
102.857172
105.974056
109.090940
112.207824
115.324708
118.441592
121.558476
124.675360
127.792244
130.909128
134.026012
137.142896
140.259780
143.376664
146.493548
149.610432
152.727316
155.844200
158.961084
162.077968
165.194852
168.311736
171.428620
174.545504
177.662388
180.779272
183.896156
187.013040
