# downbeat times in seconds, click pitch 36
0.000000
2.242992
4.485984
6.728976
8.971968
11.214960
13.457952
15.700944
17.943936
20.186928
22.429920
24.672912
26.915904
29.158896
31.401888
33.644880
35.887872
38.130864
40.373856
42.616848
44.859840
47.102832
49.345824
51.588816
53.831808
56.074800
58.317792
60.560784
62.803776
65.046768
67.289760
69.532752
71.775744
74.018736
75.140232
77.383224
79.626216
81.869208
84.112200
86.355192
88.598184
89.719680
91.962672
94.205664
96.448656
98.691648
100.934640
103.177632
105.420624
107.663616
109.906608
112.149600
114.392592
116.635584
118.878576
121.121568
123.364560
125.607552
127.850544
130.093536
132.336528
134.579520
136.822512
139.065504
141.308496
143.551488
145.794480
148.037472
150.280464
152.523456
154.766448
157.009440
159.252432
161.495424
163.738416
165.981408
168.224400
170.467392
172.710384
174.953376
