# downbeat times in seconds, click pitch 36
0.000000
1.846152
3.692304
5.538456
7.384608
9.230760
11.076912
12.923064
14.769216
16.615368
17.538444
18.461520
20.307672
22.153824
23.999976
25.846128
27.692280
29.538432
31.384584
33.230736
35.076888
36.923040
38.769192
40.615344
42.461496
44.307648
46.153800
47.999952
49.846104
51.692256
53.538408
55.384560
57.230712
59.076864
60.923016
62.769168
64.615320
66.461472
68.307624
70.153776
71.999928
73.846080
75.692232
77.538384
79.384536
81.230688
83.076840
84.922992
86.769144
88.615296
90.461448
92.307600
94.153752
95.999904
97.846056
99.692208
101.538360
103.384512
105.230664
107.076816
108.922968
110.769120
112.615272
114.461424
116.307576
118.153728
119.999880
121.846032
123.692184
125.538336
127.384488
129.230640
131.076792
132.922944
134.769096
136.615248
138.461400
140.307552
142.153704
143.999856
145.846008
147.692160
149.538312
151.384464
153.230616
155.076768
156.922920
158.769072
160.615224
162.461376
164.307528
166.153680
167.999832
169.845984
171.692136
173.538288
175.384440
177.230592
179.076744
180.922896
182.769048
184.615200
186.461352
188.307504
190.153656
191.999808
193.845960
195.692112
197.538264
199.384416
201.230568
203.076720
204.922872
206.769024
208.615176
210.461328
212.307480
214.153632
215.999784
217.845936
219.692088
