# downbeat times in seconds, click pitch 36
0.000000
1.764704
3.529408
5.294112
7.058816
8.823520
10.588224
12.352928
14.117632
15.882336
17.647040
19.411744
21.176448
22.941152
24.705856
26.470560
28.235264
29.999968
31.764672
33.529376
35.294080
37.058784
38.823488
40.588192
42.352896
44.117600
45.882304
47.647008
49.411712
51.176416
52.941120
54.705824
56.470528
58.235232
59.999936
61.764640
63.529344
65.294048
67.058752
68.823456
70.588160
72.352864
74.117568
75.882272
77.646976
79.411680
81.176384
82.941088
84.705792
86.470496
88.235200
89.999904
91.764608
93.529312
95.294016
97.058720
98.823424
100.588128
102.352832
104.117536
105.882240
107.646944
109.411648
111.176352
112.941056
114.705760
116.470464
118.235168
119.999872
121.764576
123.529280
125.293984
127.058688
128.823392
130.588096
132.352800
134.117504
135.882208
137.646912
139.411616
141.176320
142.941024
144.705728
146.470432
148.235136
149.999840
151.764544
153.529248
155.293952
157.058656
158.823360
160.588064
162.352768
164.117472
165.882176
167.646880
169.411584
171.176288
172.940992
174.705696
177.793928
179.558632
181.323336
183.088040
184.852744
186.617448
188.382152
190.146856
190.588032
