# downbeat times in seconds, click pitch 36
0.000000
3.116884
6.233768
9.350652
12.467536
15.584420
18.701304
21.818188
24.935072
28.051956
31.168840
34.285724
37.402608
40.519492
43.636376
46.753260
49.870144
52.987028
56.103912
59.220796
62.337680
65.454564
68.571448
71.688332
74.805216
77.922100
81.038984
84.155868
87.272752
90.389636
93.506520
96.623404
99.740288
102.857172
105.974056
109.090940
112.207824
115.324708
118.441592
121.558476
124.675360
127.792244
130.909128
134.026012
137.142896
140.259780
143.376664
146.493548
149.610432
152.727316
155.844200
158.961084
162.077968
164.415631
167.532515
170.649399
173.766283
176.883167
180.000051
183.116935
186.233819
189.350703
192.467587
195.584471
198.701355
201.818239
204.935123
208.052007
211.168891
214.285775
217.402659
220.519543
223.636427
226.753311
229.870195
232.987079
236.103963
