# downbeat times in seconds, click pitch 36
0.000000
1.846152
3.692304
5.538456
7.384608
9.230760
11.076912
12.923064
14.769216
16.615368
17.538444
19.384596
21.230748
23.076900
24.923052
26.769204
28.615356
30.461508
32.307660
34.153812
35.999964
37.846116
39.692268
41.538420
43.384572
45.230724
47.076876
48.923028
50.769180
52.615332
54.461484
56.307636
58.153788
59.999940
61.846092
63.692244
65.538396
67.384548
69.230700
71.076852
72.923004
74.769156
76.615308
78.461460
80.307612
82.153764
83.999916
85.846068
87.692220
89.538372
91.384524
93.230676
95.076828
96.922980
98.769132
100.615284
102.461436
104.307588
106.153740
107.999892
109.846044
111.692196
113.538348
115.384500
117.230652
119.076804
120.922956
122.769108
124.615260
126.461412
128.307564
130.153716
131.999868
133.846020
135.692172
137.538324
139.384476
141.230628
143.076780
144.922932
146.769084
148.615236
150.461388
152.307540
154.153692
155.999844
157.845996
159.692148
161.538300
163.384452
165.230604
167.076756
168.922908
170.769060
172.615212
174.461364
176.307516
178.153668
179.999820
181.845972
183.692124
185.538276
187.384428
189.230580
191.076732
192.922884
194.769036
196.615188
198.461340
200.307492
202.153644
203.999796
205.845948
207.692100
209.538252
211.384404
213.230556
215.076708
216.922860
218.769012
220.615164
